1664942681403 1.1678280385676674 0
1664942681431 0.9948061137445503 1
1664942681464 0.8665247810053648 2
1664942681498 0.7703516500446144 3
1664942681530 0.6971676023857121 4
1664942681557 0.6388950696034024 5
1664942681578 0.5903589257823284 6
1664942681603 0.5509815370258808 7
1664942681633 0.5167003562409551 8
1664942681662 0.48810750868619646 9
1664942681688 0.46262286775538797 10
1664942681711 0.43997716244854806 11
1664942681736 0.4200362511559473 12
1664942681755 0.4023918552557177 13
1664942681774 0.38610533884130627 14
1664942681792 0.37165777983890114 15
1664942681808 0.35844040223822937 16
1664942681833 0.346547399874108 17
1664942681862 0.3354336396772997 18
1664942681891 0.3252324127902387 19
1664942681922 0.31599098797893754 20
1664942681951 0.3075452375744274 21
1664942681976 0.2994288475088416 22
1664942682001 0.29195403665715675 23
1664942682029 0.28497336202075785 24
1664942682057 0.2785780497920061 25
1664942682084 0.27264048387070317 26
1664942682104 0.26686810219020035 27
1664942682132 0.26160288910756496 28
1664942682161 0.256505480772248 29
1664942682191 0.25190709950093493 30
1664942682219 0.24750658319787047 31
1664942682250 0.2435209498369427 32
1664942682271 0.23947760141034477 33
1664942682292 0.23571297635312513 34
1664942682313 0.2320637932741636 35
1664942682340 0.22877934640654887 36
1664942682372 0.2256134802372604 37
1664942682403 0.22274412188503884 38
1664942682433 0.21989819093666144 39
1664942682460 0.2171973906901121 40
1664942682488 0.2145025456152719 41
1664942682512 0.21207660890121727 42
1664942682541 0.20981517242323064 43
1664942682567 0.20757836111570815 44
1664942682589 0.2053303147500604 45
1664942682617 0.20334211306420824 46
1664942682643 0.20137543044234638 47
1664942682664 0.1995915302402472 48
1664942682693 0.19780606892775937 49
1664942682729 0.19609568765912247 50
1664942682762 0.19438288281575672 51
1664942682797 0.1928412603162713 52
1664942682824 0.19132073522079568 53
1664942682850 0.18987225761716556 54
1664942682874 0.1883897875246646 55
1664942682901 0.1869790276886804 56
1664942682927 0.1858047583521949 57
1664942682956 0.18453406988190274 58
1664942682982 0.18341193552444038 59
1664942683006 0.18220829327309576 60
1664942683026 0.1811760482626946 61
1664942683044 0.18009027764403435 62
1664942683062 0.17910010771571783 63
1664942683087 0.1781296982943653 64
1664942683110 0.17716119419761975 65
1664942683132 0.17629242937663805 66
1664942683153 0.17541871181250032 67
1664942683171 0.17452067835622745 68
1664942683191 0.17367966405452578 69
1664942683211 0.1729098718945875 70
1664942683235 0.17217914218317618 71
1664942683265 0.1714001096203065 72
1664942683290 0.17077605214524227 73
1664942683311 0.17012740805195156 74
1664942683330 0.16955515991352732 75
1664942683349 0.16887094855674675 76
1664942683370 0.16816926945109814 77
1664942683388 0.16747529973780742 78
1664942683415 0.1669824043207253 79
1664942683443 0.1664282644258464 80
1664942683480 0.16587268736101946 81
1664942683507 0.16533988442882988 82
1664942683538 0.16476708773905202 83
1664942683571 0.16427560339751532 84
1664942683611 0.1637669591830894 85
1664942683650 0.16325204210504646 86
1664942683693 0.16287305460491602 87
1664942683725 0.16249550107411734 88
1664942683753 0.16201958821730925 89
1664942683777 0.16159845777395251 90
1664942683807 0.16121846781967059 91
1664942683835 0.1608563987041739 92
1664942683864 0.16051230115089232 93
1664942683890 0.1601257459059775 94
1664942683916 0.15985702808625435 95
1664942683943 0.15960205608350758 96
1664942683973 0.15934155828666519 97
1664942684007 0.158993181837656 98
1664942684041 0.15864676336509936 99
